[gd_scene load_steps=20 format=3 uid="uid://drxduf446ds0d"]

[ext_resource type="PackedScene" uid="uid://cfaaywt4ybgvd" path="res://Scenes/Player/Player.blend" id="1_ltag6"]

[sub_resource type="CapsuleShape3D" id="CapsuleShape3D_0cdi3"]
radius = 0.1
height = 1.0

[sub_resource type="CapsuleShape3D" id="CapsuleShape3D_p5w6o"]
radius = 0.174101
height = 1.74101

[sub_resource type="CapsuleShape3D" id="CapsuleShape3D_ystmy"]
radius = 0.0994079
height = 0.994079

[sub_resource type="CapsuleShape3D" id="CapsuleShape3D_3ke70"]
radius = 0.202069
height = 2.02069

[sub_resource type="CapsuleShape3D" id="CapsuleShape3D_qe7ww"]
radius = 0.0914242
height = 0.914242

[sub_resource type="CapsuleShape3D" id="CapsuleShape3D_47mf0"]
radius = 0.237308
height = 2.37308

[sub_resource type="CapsuleShape3D" id="CapsuleShape3D_js8ti"]
radius = 0.0808894
height = 0.808894

[sub_resource type="CapsuleShape3D" id="CapsuleShape3D_7rxj7"]
radius = 0.193523
height = 1.93523

[sub_resource type="CapsuleShape3D" id="CapsuleShape3D_sw7da"]
radius = 0.0699741
height = 0.699741

[sub_resource type="CapsuleShape3D" id="CapsuleShape3D_4uofl"]
radius = 0.230995
height = 2.30995

[sub_resource type="CapsuleShape3D" id="CapsuleShape3D_cwd08"]
radius = 0.0537787
height = 0.537787

[sub_resource type="CapsuleShape3D" id="CapsuleShape3D_or08m"]
radius = 0.194784
height = 1.94784

[sub_resource type="CapsuleShape3D" id="CapsuleShape3D_mckl6"]
radius = 0.124314
height = 1.24314

[sub_resource type="CapsuleShape3D" id="CapsuleShape3D_ywwfr"]
radius = 0.244218
height = 2.44218

[sub_resource type="CapsuleShape3D" id="CapsuleShape3D_4j1te"]
radius = 0.140727
height = 1.40727

[sub_resource type="CapsuleShape3D" id="CapsuleShape3D_nsyk4"]
radius = 0.230858
height = 2.30858

[sub_resource type="Animation" id="Animation_7oqaw"]
resource_name = "Walk"

[sub_resource type="AnimationLibrary" id="AnimationLibrary_8uiel"]
_data = {
"Walk": SubResource("Animation_7oqaw")
}

[node name="Player" instance=ExtResource("1_ltag6")]

[node name="Cube" parent="Armature/Skeleton3D" index="0"]
transform = Transform3D(1, -1.06957e-09, 2.32831e-10, 7.85803e-10, 1, 0, 6.98492e-10, -9.31323e-09, 1, 2.80161e-08, 3.73493, 3.44589e-08)
bone_idx = 5

[node name="Cube_002" parent="Armature/Skeleton3D" index="1"]
transform = Transform3D(1, 0, -7.10543e-14, 0, 1, 9.31323e-10, 0, 9.31323e-10, 1, 0.0982525, 2.36044, -0.0705629)
bone_idx = 6

[node name="Cube_003" parent="Armature/Skeleton3D" index="2"]
transform = Transform3D(1, 1.44355e-08, 4.47035e-08, 6.89179e-08, -1, -6.70552e-07, -1.49012e-08, 6.29574e-07, -1, -0.0295235, -1.31043, 2.56809)
bone_idx = 11

[node name="Cube_003" parent="Armature/Skeleton3D/Cube_003" index="0"]
transform = Transform3D(1, -2.77554e-16, 0, -2.88658e-15, 1, 0, 0, 0, 1, 0.0186465, -0.0313683, 0)

[node name="Cube_004" parent="Armature/Skeleton3D" index="3"]
transform = Transform3D(-5.84405e-08, 2.98023e-08, -1, -1, 2.92435e-07, 2.32831e-10, 2.19792e-07, 0.935543, 6.70552e-08, -0.0133963, 0.47112, 2.56099)
bone_idx = 12

[node name="Cube_004" parent="Armature/Skeleton3D/Cube_004" index="0"]
transform = Transform3D(1, 2.84217e-14, -7.30634e-16, 0, 1, 0, -1.43147e-14, 1.42109e-14, 1, 0, 0, -0.00588347)

[node name="Cube_005" parent="Armature/Skeleton3D" index="4"]
transform = Transform3D(1, -5.40167e-08, 0, 1.21072e-08, -1, -3.68804e-07, 7.45058e-08, 3.48315e-07, -1, -0.00961524, -1.31043, -2.5603)
bone_idx = 17
override_pose = true

[node name="Cube_005" parent="Armature/Skeleton3D/Cube_005" index="0"]
transform = Transform3D(1, 6.93898e-21, 0, -5.54959e-17, 1, 0, 0, 0, 1, 0, 0, 0)

[node name="Cube_006" parent="Armature/Skeleton3D" index="5"]
transform = Transform3D(-3.76895e-08, -7.45058e-08, -1, -1, -2.18279e-07, 1.1659e-07, -1.07219e-07, 0.935544, -4.47035e-08, -0.0133972, 0.471119, -2.56739)
bone_idx = 18
override_pose = true

[node name="Cube_006" parent="Armature/Skeleton3D/Cube_006" index="0"]
transform = Transform3D(1, -1.42109e-14, 3.32468e-15, 7.10543e-15, 1, 3.55271e-15, -2.11936e-15, 0, 1, 0, 0, 0)

[node name="Cube_001" parent="Armature/Skeleton3D" index="6"]
transform = Transform3D(0.64995, 0, 0, 0, 2.2251, 0, 0, 0, 1.98022, 0, -0.0878172, 0)
bone_idx = 19

[node name="Cube_007" parent="Armature/Skeleton3D" index="7"]
transform = Transform3D(-1, -2.44007e-07, -2.38419e-07, 2.8871e-07, -1, 2.11818e-07, 1.30385e-08, 2.14292e-07, 1, 0.0130574, -4.83451, 1.09564)
bone_idx = 23

[node name="Cube_008" parent="Armature/Skeleton3D" index="8"]
transform = Transform3D(-1, -1.52737e-07, -3.12924e-07, 1.56462e-07, -1, 7.75326e-08, -6.89179e-08, 9.95351e-09, 1, 0.0130581, -4.83451, -1.14329)
bone_idx = 26

[node name="Physical Bone Bone" type="PhysicalBone3D" parent="Armature/Skeleton3D" index="9"]
transform = Transform3D(1, 0, 0, 0, 0, -1, 0, 1, 0, 0, 0.5, 0)
joint_offset = Transform3D(1, 0, 0, 0, 1, 0, 0, 0, 1, 0, 0, 0.5)
body_offset = Transform3D(1, 0, 0, 0, 0, -1, 0, 1, 0, 0, 0.5, 0)
bone_name = "Bone"

[node name="CollisionShape3D" type="CollisionShape3D" parent="Armature/Skeleton3D/Physical Bone Bone" index="0"]
transform = Transform3D(1, 0, 0, 0, 0, 1, 0, -1, 0, 0, 0, 0)
shape = SubResource("CapsuleShape3D_0cdi3")

[node name="Physical Bone Bone_003" type="PhysicalBone3D" parent="Armature/Skeleton3D" index="10"]
transform = Transform3D(1, 2.38419e-07, -7.77156e-16, 1.92289e-09, -0.0080652, -0.999967, -2.38411e-07, 0.999967, -0.0080652, 9.58435e-17, 1.86185, 0.00696688)
joint_type = 1
joint_offset = Transform3D(1, 0, 0, 0, 1, 0, 0, 0, 1, 3.7412e-12, -1.56893e-05, 0.861875)
body_offset = Transform3D(1, 0, -2.22045e-16, 6.66134e-16, -1.86265e-09, -1, 0, 1, -1.86265e-09, -3.74101e-12, 0.861875, 1.56909e-05)
bone_name = "Bone.003"
joint_constraints/bias = 0.3
joint_constraints/damping = 1.0
joint_constraints/impulse_clamp = 0.0

[node name="CollisionShape3D" type="CollisionShape3D" parent="Armature/Skeleton3D/Physical Bone Bone_003" index="0"]
transform = Transform3D(1, 0, 0, 0, 0, 1, 0, -1, 0, 0, 0, 0)
shape = SubResource("CapsuleShape3D_p5w6o")

[node name="Physical Bone Bone_004" type="PhysicalBone3D" parent="Armature/Skeleton3D" index="11"]
transform = Transform3D(-0.865493, -0.501166, -7.14652e-06, 0.00707512, -0.0122382, -1.00028, 0.50087, -0.865937, 0.0141261, -8.86994e-05, 3.24156, 0.00714187)
joint_type = 1
joint_offset = Transform3D(1, 0, 0, 0, 1, 0, 0, 0, 1, -0.000164982, 0.000100794, 0.500467)
body_offset = Transform3D(-0.864066, -0.503548, -0.00881786, -4.99189e-07, 0.0175013, -1.00023, 0.503378, -0.864464, -0.0151284, 0.00432125, 0.50058, 0.00774145)
bone_name = "Bone.004"
joint_constraints/bias = 0.3
joint_constraints/damping = 1.0
joint_constraints/impulse_clamp = 0.0

[node name="CollisionShape3D" type="CollisionShape3D" parent="Armature/Skeleton3D/Physical Bone Bone_004" index="0"]
transform = Transform3D(1, 0, 0, 0, 0, 1, 0, -1, 0, 0, 0, 0)
shape = SubResource("CapsuleShape3D_ystmy")

[node name="Physical Bone Bone_005" type="PhysicalBone3D" parent="Armature/Skeleton3D" index="12"]
transform = Transform3D(0.989331, 0.0786243, 0.122649, 0.122649, -0.903836, -0.409924, 0.0786242, 0.420594, -0.903836, -0.123913, 1.41417, 0.913182)
joint_type = 1
joint_offset = Transform3D(1, 0, 0, 0, 1, 0, 0, 0, 1, -4.66299e-06, 6.3445e-06, 1.01034)
body_offset = Transform3D(1, 4.47035e-08, -1.04308e-07, -1.93715e-07, 9.23872e-07, -1, -7.45058e-08, 1, 3.27826e-07, 4.76837e-06, 1.01034, -6.67572e-06)
bone_name = "Bone.005"
joint_constraints/bias = 0.3
joint_constraints/damping = 1.0
joint_constraints/impulse_clamp = 0.0

[node name="CollisionShape3D" type="CollisionShape3D" parent="Armature/Skeleton3D/Physical Bone Bone_005" index="0"]
transform = Transform3D(1, 0, 0, 0, 0, 1, 0, -1, 0, 0, 0, 0)
shape = SubResource("CapsuleShape3D_3ke70")

[node name="Physical Bone Bone_006" type="PhysicalBone3D" parent="Armature/Skeleton3D" index="13"]
transform = Transform3D(0.99402, 0.11083, -0.0136675, 0.111607, -0.990048, 0.0857395, -0.00404796, -0.0867279, -0.996234, -0.241566, 1.78898, 2.28176)
joint_type = 1
joint_offset = Transform3D(1, 0, 0, 0, 1, 0, 0, 0, 1, -3.13482e-06, -0.000158705, 0.45713)
body_offset = Transform3D(1.00027, -3.19735e-07, 7.91624e-08, -1.60267e-05, 6.25849e-07, -1.00001, 2.21079e-05, 1, 8.64267e-07, 3.09944e-06, 0.457134, 0.00015831)
bone_name = "Bone.006"
joint_constraints/bias = 0.3
joint_constraints/damping = 1.0
joint_constraints/impulse_clamp = 0.0

[node name="CollisionShape3D" type="CollisionShape3D" parent="Armature/Skeleton3D/Physical Bone Bone_006" index="0"]
transform = Transform3D(1, 0, 0, 0, 0, 1, 0, -1, 0, 0, 0, 0)
shape = SubResource("CapsuleShape3D_qe7ww")

[node name="Physical Bone Bone_007" type="PhysicalBone3D" parent="Armature/Skeleton3D" index="14"]
transform = Transform3D(0.970001, -0.12367, -0.209352, 0.208769, -0.0177415, 0.977831, -0.124638, -0.992168, 0.00861137, 0.0130548, 0.589737, 2.72695)
joint_type = 1
joint_offset = Transform3D(1, 0, 0, 0, 1, 0, 0, 0, 1, 4.8307e-06, 3.85575e-06, 1.18651)
body_offset = Transform3D(1.00001, -2.04891e-06, -3.97093e-06, 4.2317e-07, -3.40864e-07, -1.00003, -2.23517e-08, 1, -1.84309e-06, -1.19209e-07, 1.18654, -1.66893e-06)
bone_name = "Bone.007"
joint_constraints/bias = 0.3
joint_constraints/damping = 1.0
joint_constraints/impulse_clamp = 0.0

[node name="CollisionShape3D" type="CollisionShape3D" parent="Armature/Skeleton3D/Physical Bone Bone_007" index="0"]
transform = Transform3D(1, 0, 0, 0, 0, 1, 0, -1, 0, 0, 0, 0)
shape = SubResource("CapsuleShape3D_47mf0")

[node name="Physical Bone Bone_008" type="PhysicalBone3D" parent="Armature/Skeleton3D" index="15"]
transform = Transform3D(-0.512081, 0.779989, 0.359717, 0.0289188, -0.402899, 0.914787, 0.85845, 0.478848, 0.18376, 0.115963, -0.940433, 2.64241)
joint_type = 1
joint_offset = Transform3D(1, 0, 0, 0, 1, 0, 0, 0, 1, -2.12342e-06, 3.85195e-06, 0.404431)
body_offset = Transform3D(-0.639284, 0.73006, 0.241524, -3.72529e-08, 0.314087, -0.949394, -0.768971, -0.606933, -0.20079, -0.0976841, 0.383964, 0.0812066)
bone_name = "Bone.008"
joint_constraints/bias = 0.3
joint_constraints/damping = 1.0
joint_constraints/impulse_clamp = 0.0

[node name="CollisionShape3D" type="CollisionShape3D" parent="Armature/Skeleton3D/Physical Bone Bone_008" index="0"]
transform = Transform3D(1, 0, 0, 0, 0, 1, 0, -1, 0, 0, 0, 0)
shape = SubResource("CapsuleShape3D_js8ti")

[node name="Physical Bone Bone_009" type="PhysicalBone3D" parent="Armature/Skeleton3D" index="16"]
transform = Transform3D(0.996676, -0.0472513, 0.0663671, 0.0663671, 0.943379, -0.32501, -0.047252, 0.328335, 0.943379, -0.0642178, 1.31448, -0.912827)
joint_type = 1
joint_offset = Transform3D(1, 0, 0, 0, 1, 0, 0, 0, 1, -7.20946e-09, 2.30697e-07, 0.967614)
body_offset = Transform3D(1, 7.255e-07, 7.45058e-09, -3.72529e-09, -7.45058e-07, -1, -4.74975e-08, 1, -2.38419e-07, 0, 0.967614, 0)
bone_name = "Bone.009"
joint_constraints/bias = 0.3
joint_constraints/damping = 1.0
joint_constraints/impulse_clamp = 0.0

[node name="CollisionShape3D" type="CollisionShape3D" parent="Armature/Skeleton3D/Physical Bone Bone_009" index="0"]
transform = Transform3D(1, 0, 0, 0, 0, 1, 0, -1, 0, 0, 0, 0)
shape = SubResource("CapsuleShape3D_7rxj7")

[node name="Physical Bone Bone_010" type="PhysicalBone3D" parent="Armature/Skeleton3D" index="17"]
transform = Transform3D(0.996882, -0.0500517, -0.0611607, 0.0581508, 0.988618, 0.13876, 0.0535192, -0.141882, 0.988437, -0.107042, 1.5804, -2.17146)
joint_type = 1
joint_offset = Transform3D(1, 0, 0, 0, 1, 0, 0, 0, 1, 5.54309e-06, 2.63692e-05, 0.34986)
body_offset = Transform3D(1.00001, 6.65896e-08, -5.96046e-07, 7.07805e-08, 3.27826e-07, -1, -1.61119e-07, 1, 9.53674e-07, -5.33462e-06, 0.34986, -2.67029e-05)
bone_name = "Bone.010"
joint_constraints/bias = 0.3
joint_constraints/damping = 1.0
joint_constraints/impulse_clamp = 0.0

[node name="CollisionShape3D" type="CollisionShape3D" parent="Armature/Skeleton3D/Physical Bone Bone_010" index="0"]
transform = Transform3D(1, 0, 0, 0, 0, 1, 0, -1, 0, 0, 0, 0)
shape = SubResource("CapsuleShape3D_sw7da")

[node name="Physical Bone Bone_011" type="PhysicalBone3D" parent="Armature/Skeleton3D" index="18"]
transform = Transform3D(0.975895, 0.218159, -0.00557789, 0.00537652, 0.00151549, 0.999984, 0.218167, -0.9759, 0.000307054, -0.0791993, 0.376912, -2.51765)
joint_type = 1
joint_offset = Transform3D(1, 0, 0, 0, 1, 0, 0, 0, 1, 1.03392e-06, 5.69213e-06, 1.15498)
body_offset = Transform3D(0.999999, -1.49012e-07, -1.78698e-08, -1.43336e-08, 1.07597e-06, -1, -3.27826e-07, 0.999988, 2.59606e-08, -1.01328e-06, 1.15498, -5.72205e-06)
bone_name = "Bone.011"
joint_constraints/bias = 0.3
joint_constraints/damping = 1.0
joint_constraints/impulse_clamp = 0.0

[node name="CollisionShape3D" type="CollisionShape3D" parent="Armature/Skeleton3D/Physical Bone Bone_011" index="0"]
transform = Transform3D(1, 0, 0, 0, 0, 1, 0, -1, 0, 0, 0, 0)
shape = SubResource("CapsuleShape3D_4uofl")

[node name="Physical Bone Bone_012" type="PhysicalBone3D" parent="Armature/Skeleton3D" index="19"]
transform = Transform3D(-0.980444, -0.157937, -0.117403, -0.102955, -0.0967832, 0.989941, -0.167715, 0.982694, 0.0786302, -0.041185, -1.04424, -2.53915)
joint_type = 1
joint_offset = Transform3D(1, 0, 0, 0, 1, 0, 0, 0, 1, 6.39469e-07, -4.15556e-06, 0.268901)
body_offset = Transform3D(-0.99863, 0.0521831, 0.00388334, -1.83529e-07, 0.0742, -0.997218, -0.0523275, -0.995876, -0.0740985, -0.00104338, 0.268153, 0.0199211)
bone_name = "Bone.012"
joint_constraints/bias = 0.3
joint_constraints/damping = 1.0
joint_constraints/impulse_clamp = 0.0

[node name="CollisionShape3D" type="CollisionShape3D" parent="Armature/Skeleton3D/Physical Bone Bone_012" index="0"]
transform = Transform3D(1, 0, 0, 0, 0, 1, 0, -1, 0, 0, 0, 0)
shape = SubResource("CapsuleShape3D_cwd08")

[node name="Physical Bone Bone_013" type="PhysicalBone3D" parent="Armature/Skeleton3D" index="20"]
transform = Transform3D(0.0165576, 0.968089, -0.25006, 5.96046e-08, 0.250095, 0.968221, 0.999863, -0.0160324, 0.00414093, 0.243537, -0.942967, -0.00403355)
joint_offset = Transform3D(1, 0, 0, 0, 1, 0, 0, 0, 1, 6.44122e-07, 7.27891e-07, 0.973918)
body_offset = Transform3D(1, -9.2946e-07, 9.77889e-09, 0, 9.35324e-08, -0.999999, 0, 1, 4.76633e-07, -6.53645e-07, 0.973917, -1.19209e-06)
bone_name = "Bone.013"

[node name="CollisionShape3D" type="CollisionShape3D" parent="Armature/Skeleton3D/Physical Bone Bone_013" index="0"]
transform = Transform3D(1, 0, 0, 0, 0, 1, 0, -1, 0, 0, 0, 0)
shape = SubResource("CapsuleShape3D_or08m")

[node name="Physical Bone Bone_014" type="PhysicalBone3D" parent="Armature/Skeleton3D" index="21"]
transform = Transform3D(-0.304066, 0.871419, 0.384933, 0.90287, 0.134696, 0.408267, 0.303923, 0.471685, -0.827734, 0.247813, -2.13971, 0.506431)
joint_type = 1
joint_offset = Transform3D(1, 0, 0, 0, 1, 0, 0, 0, 1, 5.55729e-08, -7.40972e-08, 0.621572)
body_offset = Transform3D(1, 1.49012e-08, -8.9407e-08, 1.19209e-07, 1.49012e-07, -1, -1.49012e-08, 1, 1.19209e-07, 0, 0.621572, 0)
bone_name = "Bone.014"
joint_constraints/bias = 0.3
joint_constraints/damping = 1.0
joint_constraints/impulse_clamp = 0.0

[node name="CollisionShape3D" type="CollisionShape3D" parent="Armature/Skeleton3D/Physical Bone Bone_014" index="0"]
transform = Transform3D(1, 0, 0, 0, 0, 1, 0, -1, 0, 0, 0, 0)
shape = SubResource("CapsuleShape3D_mckl6")

[node name="Physical Bone Bone_015" type="PhysicalBone3D" parent="Armature/Skeleton3D" index="22"]
transform = Transform3D(0.400692, 0.916219, -0.00184583, 0.0287727, -0.0105678, 0.999531, 0.91583, -0.400542, -0.030593, 0.0108033, -3.61399, 1.05828)
joint_type = 1
joint_offset = Transform3D(1, 0, 0, 0, 1, 0, 0, 0, 1, 2.8871e-08, 1.52737e-07, 1.22109)
body_offset = Transform3D(0.920732, -0.390172, -0.0115649, -1.84961e-06, 0.029628, -0.999561, 0.390358, 0.920266, 0.0272774, 0.0141218, 1.22055, -0.0333082)
bone_name = "Bone.015"
joint_constraints/bias = 0.3
joint_constraints/damping = 1.0
joint_constraints/impulse_clamp = 0.0

[node name="CollisionShape3D" type="CollisionShape3D" parent="Armature/Skeleton3D/Physical Bone Bone_015" index="0"]
transform = Transform3D(1, 0, 0, 0, 0, 1, 0, -1, 0, 0, 0, 0)
shape = SubResource("CapsuleShape3D_ywwfr")

[node name="Physical Bone Bone_016" type="PhysicalBone3D" parent="Armature/Skeleton3D" index="23"]
transform = Transform3D(0.37795, 0.870194, 0.316099, -0.865206, 0.210464, 0.455108, 0.329504, -0.445501, 0.832441, 0.264659, -2.20617, -0.593798)
joint_type = 1
joint_offset = Transform3D(1, 0, 0, 0, 1, 0, 0, 0, 1, 9.93789e-08, 7.75884e-07, 0.703633)
body_offset = Transform3D(1, 4.02331e-07, 5.36442e-07, 1.78814e-07, 4.17233e-07, -1, 0, 1, -1.10269e-06, -4.76837e-07, 0.703633, 0)
bone_name = "Bone.016"
joint_constraints/bias = 0.3
joint_constraints/damping = 1.0
joint_constraints/impulse_clamp = 0.0

[node name="CollisionShape3D" type="CollisionShape3D" parent="Armature/Skeleton3D/Physical Bone Bone_016" index="0"]
transform = Transform3D(1, 0, 0, 0, 0, 1, 0, -1, 0, 0, 0, 0)
shape = SubResource("CapsuleShape3D_4j1te")

[node name="Physical Bone Bone_017" type="PhysicalBone3D" parent="Armature/Skeleton3D" index="24"]
transform = Transform3D(0.556503, 0.830774, 0.0126498, 0.00601299, -0.019239, 0.999921, 0.830883, -0.556309, -0.0157041, 0.0276362, -3.68083, -1.16144)
joint_type = 1
joint_offset = Transform3D(1, 0, 0, 0, 1, 0, 0, 0, 1, 3.016e-05, -2.07946e-05, 1.15452)
body_offset = Transform3D(0.841275, -0.539915, -0.0290166, -7.61822e-07, 0.0536588, -0.998683, 0.540698, 0.840029, 0.0451528, 0.0334637, 1.153, -0.0521288)
bone_name = "Bone.017"
joint_constraints/bias = 0.3
joint_constraints/damping = 1.0
joint_constraints/impulse_clamp = 0.0

[node name="CollisionShape3D" type="CollisionShape3D" parent="Armature/Skeleton3D/Physical Bone Bone_017" index="0"]
transform = Transform3D(1, 0, 0, 0, 0, 1, 0, -1, 0, 0, 0, 0)
shape = SubResource("CapsuleShape3D_nsyk4")

[node name="AnimationPlayer" type="AnimationPlayer" parent="." index="1"]
libraries = {
"": SubResource("AnimationLibrary_8uiel")
}
